219
200
353
17
213
321
203
128
74
508
495
362
383
235
426
418
131
259
259
271
107
137
468
29
499
68
151
356
155
372
156
18
264
251
117
370
307
503
135
417
307
286
369
69
129
192
356
74
254
531
326
355
316
21
448
218
362
9
485
322
47
148
207
67
474
105
162
81
454
202
113
75
189
114
351
267
286
323
84
154
205
425
116
129
516
148
324
160
402
507
120
326
403
201
507
359
266
192
513
311
169
318
426
419
58
354
525
223
304
13
348
208
356
502
278
201
84
62
423
354
93
110
158
98
371
204
507
43
534
237
236
183
19
258
209
174
141
143
447
170
480
13
352
106
125
11
312
474
418
397
210
223
422
477
394
225
524
340
149
523
402
111
487
421
416
437
40
122
205
533
46
107
217
187
436
373
210
239
204
460
208
382
428
204
321
197
150
292
316
194
490
172
442
467
89
147
376
498
181
280
473
391
516
46
505
210
196
172
437
128
20
94
53
534
124
423
178
116
25
165
263
372
271
405
449
404
157
46
329
160
82
5
520
308
3
220
387
493
434
283
337
146
485
418
375
215
355
491
365
81
117
254
15
388
295
3
276
390
518
187
423
419
2
211
289
316
202
27
209
200
189
186
135
65
3
477
268
206
351
241
189
116
335
389
26
276
453
512
397
260
222
32
338
412
257
534
317
310
441
336
355
189
263
477
406
366
178
514
210
250
477
143
114
175
489
527
495
283
495
333
436
319
497
21
1
325
67
465
457
462
518
226
299
506
400
17
24
465
91
160
483
108
190
138
372
499
77
212
93
47
52
329
421
38
307
386
208
492
253
521
122
332
430
81
206
141
441
36
460
55
286
243
462
134
72
500
440
194
533
378
386
199
518
245
46
296
15
335
339
247
453
131
428
248
231
466
127
447
279
139
525
115
201
87
427
417
121
474
300
292
243
111
375
130
304
167
443
97
516
499
197
62
60
195
40
36
60
422
519
304
243
79
425
234
489
283
499
468
156
454
142
59
404
484
103
347
34
324
289
450
9
40
85
254
90
153
399
153
391
454
320
54
279
8
157
33
79
451
521
12
131
22
267
335
277
37
462
303
160
478
251
344
34
159
511
192
476
420
80
105
444
132
140
18
262
314
209
351
146
223
223
491
27
295
26
425
164
491
208
293
391
410
456
445
86
108
349
64
14
73
457
363
217
531
286
452
22
496
522
141
395
173
221
232
83
495
148
511
118
477
173
238
24
106
43
263
341
388
220
515
348
32
444
366
138
196
332
126
318
8
222
155
163
57
232
261
436
188
33
301
94
170
524
174
447
32
378
412
439
82
364
98
279
228
485
152
87
258
324
472
299
293
125
252
96
496
150
461
301
246
65
141
302
523
413
474
254
492
393
323
259
487
398
154
213
420
57
289
187
496
456
511
191
103
28
395
344
295
281
424
275
261
523
420
88
126
192
354
388
302
22
315
125
345
231
185
55
397
501
383
58
4
368
415
371
480
316
394
417
177
447
221
268
516
437
96
195
511
187
35
332
236
361
224
497
295
438
226
113
204
96
318
487
390
468
189
413
363
270
270
478
488
236
319
137
497
299
129
231
279
373
38
326
534
217
528
427
77
421
179
493
497
434
487
239
484
181
423
519
171
85
514
227
189
32
478
55
171
433
88
268
429
410
281
480
522
216
495
220
69
438
465
443
78
516
49
26
148
147
134
336
337
321
297
2
366
426
389
387
265
10
360
336
357
241
213
442
442
348
78
24
506
105
96
523
255
378
97
229
90
276
305
33
173
17
502
58
185
443
116
470
275
378
451
253
477
89
423
435
354
83
230
332
150
411
174
161
163
474
261
125
444
201
137
374
459
243
85
358
340
130
136
2
180
349
291
125
88
376
156
300
146
55
113
31
488
293
173
219
115
428
275
117
387
242
230
146
125
342
144
86
80
485
29
441
159
279
300
428
279
162
401
71
368
8
77
1
396
481
81
216
66
269
123
4
332
442
438
167
142
279
531
310
299
493
346
333
430
369
84
162
151
20
305
71
479
516
29
468
118
507
50
54
419
473
525
293
236
308
118
22
137
473
90
514
39
407
111
508
531
360
331
77
39
401
310
20
117
231
356
64
352
150
216
278
300
19
185
50
205
67
210
277
28
529
461
136
312
180
188
348
511
216
95
254
376
83
198
4
268
169
373
153
167
407
115
37
103
134
186
398
379
259
85
529
383
334
293
464
517
324
370
218
507
87
66
151
498
103
415
231
250
74
441
93
281
310
271
110
294
362
176
128
450
105
78
49
49
281
415
332
382
358
386
483
340
267
492
37
381
336
163
496
276
201
244
10
15
86
514
397
246
126
333
496
11
404
302
332
382
98
175
383
79
491
459
161
304
273
258
4
331
490
203
44
375
506
275
516
127
310
464
456
109
336
130
516
526
533
16
224
233
166
463
526
526
396
29
519
116
472
292
406
434
10
110
225
391
13
442
361
42
296
18
17
244
523
225
192
178
239
532
410
381
180
97
370
507
50
78
501
309
77
40
484
301
279
130
50
232
168
99
383
181
121
315
18
77
273
198
89
108
327
211
477
116
88
506
300
491
157
361
142
401
351
174
383
123
426
213
61
77
194
77
491
249
45
338
38
510
202
38
21
192
190
400
186
345
149
133
265
78
190
361
337
123
457
462
172
529
122
503
45
282
36
412
170
72
502
61
52
427
187
16
420
349
172
102
478
12
420
236
302
452
357
454
46
309
315
488
451
333
512
338
434
269
8
313
345
259
451
40
199
167
200
412
532
493
258
446
464
23
282
411
229
462
430
267
442
16
345
7
350
303
284
263
533
294
150
451
335
331
113
165
533
152
243
109
427
501
379
121
302
174
211
177
349
169
302
411
101
261
100
184
233
228
23
90
251
311
370
305
289
353
111
167
279
56
121
349
208
289
489
131
323
216
282
187
495
292
3
41
57
396
55
486
180
439
215
304
198
293
107
200
56
40
209
172
52
218
334
279
438
525
248
325
266
75
486
155
363
284
205
409
13
381
172
408
268
370
355
24
293
160
401
191
332
339
373
368
250
402
136
51
345
216
493
119
381
145
202
69
459
350
227
254
319
204
83
261
517
350
299
358
93
14
390
63
462
502
490
405
486
502
108
369
523
165
336
73
449
213
360
441
195
89
286
490
336
299
289
477
449
133
381
326
238
223
460
492
499
214
427
155
208
91
505
400
28
334
334
47
272
76
419
493
211
511
106
293
32
424
532
401
376
473
18
110
176
270
496
132
124
105
300
70
138
294
306
302
152
219
142
534
139
159
479
219
36
347
22
131
529
370
386
59
483
324
371
357
11
411
351
62
466
505
267
374
265
112
521
141
141
55
72
55
127
236
419
60
109
302
474
527
109
497
292
483
119
383
529
116
311
113
147
14
94
210
316
527
428
318
345
9
85
345
211
54
234
4
332
23
16
473
491
203
144
530
368
440
22
470
434
486
163
381
8
63
88
271
191
97
459
102
20
503
79
256
49
148
44
480
290
211
216
307
280
515
495
505
502
500
30
488
138
257
512
416
266
150
200
243
167
333
284
190
482
166
204
501
317
293
389
469
320
418
440
494
389
488
120
205
470
172
254
71
53
154
475
101
382
91
181
250
468
193
371
390
371
267
500
59
180
54
335
11
520
274
301
428
405
298
419
23
251
84
287
143
281
52
20
58
63
25
378
53
497
210
277
141
274
487
502
151
119
208
310
60
463
418
310
393
51
366
184
291
113
65
192
508
159
119
173
353
279
93
500
307
449
7
16
162
283
353
316
457
321
409
489
379
17
487
436
251
493
479
217
200
513
122
456
432
35
348
343
74
34
364
65
413
474
524
448
65
485
324
203
49
277
497
323
309
151
143
153
198
322
487
176
122
439
168
190
355
353
214
475
376
59
417
245
204
141
430
47
520
38
126
493
239
173
393
253
2
389
185
130
404
379
28
483
152
123
90
512
351
257
356
486
46
484
465
447
495
430
9
107
238
306
375
452
184
152
94
162
257
95
223
76
233
43
414
118
449
51
157
307
247
344
471
398
83
363
276
514
470
336
219
108
192
406
112
436
421
28
439
387
429
505
502
177
259
305
322
297
78
258
288
500
272
67
242
15
96
344
357
161
479
74
489
233
309
257
256
406
451
238
103
362
289
431
432
491
299
125
525
374
434
448
442
29
43
188
461
95
27
20
461
296
198
335
210
527
426
394
374
105
343
177
396
532
273
123
226
119
102
515
141
517
329
4
248
504
321
404
352
459
416
251
176
455
222
534
513
119
61
279
241
239
81
118
305
115
75
308
23
477
529
202
87
172
241
308
522
105
154
323
369
305
25
149
383
12
114
214
59
278
1
258
254
109
442
479
391
203
27
406
314
398
533
80
170
158
496
183
228
249
185
181
50
178
256
297
7
493
275
375
352
128
8
157
443
155
153
360
63
82
118
93
40
296
233
402
434
66
506
208
170
527
528
27
202
191
86
343
519
40
403
313
432
105
224
348
495
359
532
4
129
312
176
470
401
370
232
108
386
301
465
233
101
412
269
134
306
190
75
168
179
508
293
348
254
468
276
395
287
5
415
493
383
528
465
525
234
371
375
454
34
496
223
501
479
86
228
95
221
29
459
92
216
533
235
157
401
487
312
127
283
73
370
134
270
123
154
103
517
368
56
8
339
36
72
169
261
422
213
201
30
516
132
226
404
285
369
299
35
95
512
447
268
118
400
17
425
224
232
49
200
333
444
295
456
423
329
509
187
410
468
125
351
298
202
407
209
430
495
506
133
450
156
359
397
295
252
19
81
429
164
332
289
372
264
384
191
115
192
295
394
310
418
185
226
440
509
288
17
133
158
330
502
425
128
19
145
93
169
8
300
364
139
268
67
10
316
144
178
157
498
273
92
76
45
362
301
78
357
379
411
124
112
132
401
285
323
333
402
173
434
464
347
415
532
300
316
78
289
122
525
329
24
26
115
483
99
191
534
233
524
20
33
92
301
365
348
445
243
124
170
90
169
398
435
185
175
149
503
3
349
162
365
349
45
487
405
325
507
156
262
14
65
84
313
492
234
484
177
350
450
503
505
162
255
312
167
235
419
275
262
322
461
484
358
474
279
115
237
31
181
453
362
227
290
481
124
424
77
256
508
447
140
511
378
189
330
323
310
207
352
254
225
104
45
82
130
247
154
90
148
419
224
148
203
269
32
161
356
524
389
423
323
519
387
521
129
234
250
497
12
55
365
358
74
166
111
48
420
140
270
422
51
179
524
299
289
353
208
444
143
240
206
171
250
90
350
83
75
415
442
373
525
499
399
229
454
295
266
205
258
414
184
376
43
133
91
402
350
240
13
378
530
361
355
345
3
265
179
401
177
176
291
42
496
275
261
123
181
9
100
394
325
416
132
221
295
264
10
77
362
217
146
296
215
116
317
475
436
181
203
185
101
475
114
258
526
476
28
417
59
246
368
102
324
77
473
267
256
475
308
160
145
107
324
313
66
287
197
49
400
59
7
41
234
209
456
51
371
434
422
316
531
484
236
496
171
457
59
422
149
170
89
390
289
345
247
302
134
446
166
460
381
296
4
342
64
169
68
107
307
263
33
83
113
474
126
116
292
441
173
319
239
213
27
228
37
442
454
467
501
311
92
399
532
401
529
354
135
248
130
406
490
351
418
442
498
344
145
232
286
164
121
34
527
400
14
84
231
363
493
525
11
387
27
365
106
261
334
209
407
354
283
415
255
368
445
253
188
50
465
488
293
371
401
469
24
111
291
344
153
83
406
201
448
165
246
274
345
232
523
414
495
241
179
424
202
154
122
5
255
442
508
210
318
84
99
183
446
265
90
433
212
315
55
268
116
317
104
199
301
457
76
55
145
527
248
526
433
101
222
410
489
239
113
326
451
324
159
39
475
256
71
451
128
441
288
348
49
113
407
471
466
493
163
237
414
79
441
363
99
57
369
400
302
245
408
293
416
295
296
26
514
226
386
199
386
275
98
116
271
281
382
329
533
94
18
3
33
1
16
34
12
482
217
259
191
498
354
338
63
26
25
123
53
409
209
479
292
306
47
504
69
317
27
400
271
177
463
19
92
522
20
373
208
480
410
161
36
376
534
215
341
14
413
351
52
3
73
13
503
143
432
297
457
102
522
422
497
248
423
95
173
240
108
392
387
52
271
400
170
515
110
68
306
66
73
195
111
127
407
114
92
198
495
34
524
125
26
35
50
468
97
52
529
420
88
218
55
240
247
306
387
526
518
388
390
417
130
168
317
459
522
244
422
346
31
38
22
169
243
335
191
119
369
152
164
55
350
90
517
74
426
82
416
212
349
86
520
341
218
73
477
120
162
56
431
415
380
338
70
254
418
399
49
128
442
84
283
7
158
95
507
117
30
101
360
100
46
281
265
352
481
45
210
334
120
379
129
81
284
22
218
533
450
147
348
175
475
366
273
139
195
85
82
27
518
193
249
238
247
96
388
509
224
323
359
247
75
111
312
149
407
444
178
440
233
28
374
483
371
246
467
254
385
11
307
85
61
35
44
386
246
198
228
193
429
357
403
321
80
286
223
480
165
342
251
141
240
217
30
130
198
356
147
442
394
430
233
91
143
21
381
112
527
298
212
236
48
340
86
115
101
25
317
189
69
407
139
243
15
387
435
74
528
459
515
267
112
313
11
94
490
191
38
378
345
500
119
334
311
101
294
228
522
8
11
55
42
404
116
124
151
325
109
182
505
15
345
70
19
445
134
343
339
231
500
152
66
518
470
451
455
509
251
457
17
410
62
60
461
76
153
459
333
407
473
462
145
222
289
259
439
504
407
108
234
153
116
160
400
323
224
153
528
121
117
205
442
420
269
83
250
87
87
320
480
291
129
106
97
57
366
173
481
39
44
172
533
209
452
472
342
460
152
419
442
360
334
284
165
169
75
428
292
222
336
333
226
368
115
313
228
119
129
308
392
119
250
360
512
274
376
361
474
420
129
173
530
424
116
456
109
422
516
483
263
476
296
342
212
237
471
308
378
443
9
84
369
381
518
114
474
403
256
49
526
337
527
199
523
347
201
298
460
423
116
139
512
131
59
48
475
272
510
283
362
513
315
178
270
231
156
407
339
463
520
185
431
125
483
406
466
402
191
323
226
180
351
396
292
71
271
98
4
301
468
75
377
307
305
280
317
46
110
264
227
148
383
390
413
76
311
470
109
165
55
397
48
473
484
174
337
310
511
457
30
8
76
425
306
80
213
234
268
137
41
230
240
197
273
200
27
298
504
478
452
360
8
76
207
191
208
215
274
291
84
499
372
491
323
84
108
170
111
34
31
193
441
231
308
452
128
414
436
83
22
335
174
413
491
195
16
238
261
251
351
389
428
525
25
474
335
281
526
102
232
214
360
66
337
346
69
9
95
173
452
284
308
364
278
429
104
155
62
87
157
440
512
109
56
391
312
457
433
174
27
308
78
90
144
355
391
61
518
427
231
487
514
506
329
152
534
2
206
483
475
87
239
95
410
347
438
410
286
53
431
311
382
138
274
320
13
281
111
365
201
311
176
318
90
347
195
316
219
259
472
249
386
369
177
216
176
201
468
51
226
33
172
507
203
310
47
404
120
525
163
422
367
76
47
12
87
75
7
325
306
103
350
232
469
240
165
50
305
206
529
30
437
315
164
262
307
7
222
203
81
422
242
162
137
136
401
327
181
465
266
140
347
324
324
204
313
2
402
310
239
430
169
186
228
340
507
452
407
253
330
482
64
90
471
381
145
98
140
376
517
143
386
285
154
322
219
82
532
418
103
509
502
10
209
159
250
463
226
254
334
482
76
397
22
149
139
313
452
88
398
439
405
395
425
498
226
297
219
450
484
461
77
516
163
443
204
173
391
349
478
160
378
255
487
36
446
447
231
15
249
414
510
420
205
364
392
168
411
304
56
474
58
79
387
256
88
237
240
271
33
59
119
293
504
399
233
435
462
292
124
158
399
29
81
381
61
430
254
118
151
139
397
61
499
526
390
268
196
69
431
30
381
521
266
52
277
54
397
492
482
174
105
219
65
137
280
521
146
396
194
338
238
436
420
320
137
288
194
307
529
508
519
184
228
528
522
518
256
363
425
241
162
475
182
146
147
450
149
399
439
125
504
386
331
393
152
346
455
327
385
71
23
376
451
10
408
286
140
247
45
395
178
372
130
437
79
151
275
465
250
76
226
270
74
95
252
474
125
200
530
130
204
344
233
76
528
446
233
426
469
195
91
379
330
49
205
151
80
335
327
66
317
452
244
448
188
191
79
284
419
470
216
204
149
17
468
274
484
164
352
27
283
31
408
219
233
509
39
96
508
318
54
268
173
274
133
513
156
365
253
36
421
436
150
185
39
246
158
517
168
251
372
123
81
238
94
83
185
70
167
365
472
250
532
306
147
528
349
369
494
90
75
74
499
21
321
488
145
305
512
52
499
408
359
39
385
480
304
437
311
224
29
114
152
499
353
20
379
273
147
11
534
458
502
145
18
77
513
132
218
198
429
175
2
86
434
5
94
129
10
394
434
144
72
415
266
98
245
239
456
459
242
104
114
151
435
407
532
115
430
38
404
208
6
458
493
246
341
475
371
170
481
422
354
292
453
160
201
23
116
364
299
77
398
180
256
248
188
461
506
99
354
290
339
327
126
157
112
238
63
207
256
468
448
64
150
451
45
299
218
390
162
159
260
98
252
458
429
35
188
466
311
327
192
517
313
158
115
103
154
456
316
60
83
66
443
398
492
303
390
208
2
244
475
499
196
28
171
180
372
351
305
255
133
467
43
229
368
286
58
510
126
182
363
315
533
132
444
351
131
166
166
304
262
257
472
206
369
207
339
187
206
210
338
210
458
192
461
71
170
310
10
507
154
268
78
479
388
234
135
46
407
145
39
236
478
51
382
249
53
47
387
361
311
184
271
384
200
193
264
65
77
243
224
353
115
133
352
51
478
163
129
124
503
72
112
90
489
52
522
478
339
347
245
200
407
277
490
498
390
503
427
70
267
179
431
347
158
66
300
487
182
92
175
459
448
509
533
421
409
238
377
383
305
310
268
392
205
116
410
219
128
417
251
237
18
214
430
463
534
115
367
177
324
135
38
448
375
501
158
122
87
136
130
407
310
53
292
458
137
174
257
441
491
114
429
99
412
446
274
365
190
413
267
227
475
164
76
8
443
294
201
477
412
439
313
268
71
201
512
509
475
202
352
491
168
97
310
112
349
177
139
306
35
265
247
211
214
230
506
371
515
182
345
425
451
518
298
247
223
506
346
510
92
483
75
279
362
87
146
322
163
380
487
305
297
71
135
369
430
65
356
165
237
424
340
160
253
34
328
77
73
430
324
115
413
122
302
415
412
441
297
132
524
459
533
130
353
174
165
12
19
96
510
340
62
389
287
184
151
235
120
87
69
393
532
200
276
166
306
293
61
31
235
391
236
467
424
473
409
289
110
353
479
208
326
506
471
158
22
85
505
222
13
450
376
60
428
525
266
276
76
492
23
293
297
130
95
66
474
467
413
298
13
163
309
443
412
265
22
231
515
395
72
173
530
353
47
434
345
116
157
319
500
221
249
409
347
264
441
279
152
166
212
145
176
377
379
85
510
225
408
31
408
299
184
510
215
456
287
190
389
475
197
353
214
345
181
129
180
282
258
280
275
363
264
9
281
322
47
362
123
93
91
509
444
355
472
261
395
230
370
258
395
388
527
496
279
106
418
118
457
77
360
151
197
489
78
214
281
9
479
138
7
72
295
119
519
181
164
249
59
361
248
286
307
169
372
450
348
340
105
316
300
533
74
347
491
216
410
452
267
120
405
133
473
176
455
11
149
333
118
65
84
522
396
370
372
311
455
86
63
500
438
435
287
20
444
273
353
229
257
315
519
460
346
182
269
199
40
419
445
215
244
345
90
313
224
288
32
355
102
178
268
115
291
62
498
53
509
84
114
16
426
287
270
479
169
68
491
510
435
321
94
411
533
344
393
419
349
130
319
100
205
97
240
332
239
79
462
304
60
72
290
408
386
298
526
279
313
380
85
68
160
335
184
437
208
62
247
70
197
299
67
344
73
521
137
252
194
124
184
349
426
424
78
105
256
190
41
354
279
523
130
481
12
365
461
450
164
315
146
137
224
402
427
23
230
1
14
404
277
74
143
142
170
409
465
370
321
20
145
460
399
201
328
138
343
59
361
267
66
119
188
28
457
341
283
116
132
319
525
146
249
201
440
158
36
380
157
477
317
435
432
200
353
91
464
195
122
325
255
155
5
223
442
68
466
459
389
380
168
483
59
250
459
216
350
404
413
369
235
316
217
534
471
243
405
237
480
322
241
319
357
67
499
395
95
204
150
214
471
523
303
101
92
231
266
338
49
432
161
234
122
214
102
137
405
320
34
488
295
268
156
383
139
437
117
526
177
311
401
496
101
305
116
282
133
432
420
390
266
441
3
286
53
502
329
375
479
151
410
348
463
355
203
415
34
212
319
48
93
45
488
205
433
484
243
305
509
96
216
254
34
233
197
131
388
469
53
141
215
417
14
234
254
289
486
431
376
214
321
428
232
364
296
78
376
198
134
236
69
453
119
136
431
280
503
335
207
334
410
417
107
113
211
205
519
274
457
337
505
358
133
451
291
87
85
366
469
119
257
327
337
360
316
267
211
42
446
310
161
122
101
473
106
43
233
144
442
385
361
76
511
121
403
35
282
172
281
467
434
48
279
31
84
44
479
265
265
310
354
52
21
107
191
254
151
156
196
169
518
224
407
419
209
22
40
454
119
195
389
143
481
425
133
529
322
139
83
431
345
234
275
157
404
387
412
476
190
161
258
13
129
451
134
221
384
141
191
59
198
250
392
154
206
509
158
256
135
26
69
307
300
317
89
364
416
466
389
468
27
456
10
91
168
399
525
435
250
475
182
483
277
149
432
410
377
192
335
256
506
431
156
497
170
257
407
382
304
181
281
114
195
117
325
532
36
471
93
522
159
94
376
228
38
348
278
72
360
173
38
158
225
27
197
347
25
309
308
385
199
142
476
343
162
155
406
417
99
113
339
186
526
175
510
195
308
1
432
485
385
183
97
226
212
5
405
152
95
119
364
231
112
142
105
206
368
187
499
73
20
103
81
364
460
384
66
244
283
263
334
391
178
199
84
229
444
269
369
71
44
462
120
165
199
75
180
520
164
160
126
80
304
439
233
307
517
460
154
471
526
362
253
530
360
281
400
109
308
7
223
502
489
513
488
333
262
410
530
237
45
503
22
472
87
27
258
473
342
349
4
230
466
507
329
466
404
193
364
231
136
456
237
436
440
292
178
80
491
460
234
529
6
394
58
314
61
338
411
89
467
448
392
215
333
503
161
455
256
464
161
347
386
413
518
24
159
385
321
221
320
72
413
202
306
254
163
531
370
267
370
170
497
221
479
389
453
389
78
55
299
73
192
144
207
401
167
338
325
163
504
491
471
31
26
32
359
27
504
387
530
154
396
125
64
29
277
39
81
201
528
76
353
239
75
73
81
51
288
190
40
267
302
290
518
280
433
230
169
337
208
298
492
194
8
275
341
138
489
364
6
19
155
325
440
145
316
281
212
154
88
472
47
236
388
198
129
234
221
162
126
228
366
355
495
89
4
84
219
419
421
155
13
118
112
42
443
173
174
274
37
129
258
309
295
372
469
83
187
424
330
161
130
91
206
110
450
126
198
495
307
19
439
166
455
37
164
422
309
139
154
131
141
61
397
446
164
513
293
205
225
425
72
177
310
385
476
240
12
170
220
334
300
140
79
158
325
351
253
516
146
195
212
529
156
450
136
288
529
240
451
16
319
292
347
246
287
36
336
326
161
490
346
475
176
208
215
260
414
412
73
245
501
6
518
72
181
5
503
410
16
412
422
480
506
261
271
39
309
44
154
429
447
316
460
50
278
40
532
321
27
220
354
348
211
175
507
109
426
354
152
519
146
40
317
128
41
113
64
470
117
334
503
119
147
184
89
196
362
471
308
429
128
316
126
344
519
512
136
117
397
192
14
136
352
132
424
272
364
148
230
185
354
245
290
242
82
288
504
74
424
9
221
291
450
253
192
378
165
109
155
232
30
488
329
405
469
98
494
181
433
17
217
518
253
2
534
267
479
514
141
188
173
420
132
500
55
300
515
226
434
472
169
209
401
131
406
259
466
474
321
200
56
258
177
171
391
364
222
473
66
310
246
496
500
169
526
440
266
245
123
394
530
55
138
526
172
383
56
36
134
339
288
57
437
52
109
27
87
457
137
68
127
472
441
339
56
194
92
455
238
122
97
413
130
409
375
49
203
56
360
462
371
246
356
138
108
212
445
320
314
61
353
111
37
108
423
468
465
524
515
145
124
99
376
527
457
246
328
176
469
295
225
518
52
311
230
311
369
15
332
406
267
6
493
313
365
7
12
387
218
127
455
326
24
359
128
55
382
394
3
306
221
88
191
198
4
136
26
338
55
213
280
40
72
47
437
339
216
129
164
189
166
511
189
502
55
447
268
328
417
130
85
280
518
232
353
521
181
436
133
198
402
242
329
377
161
365
190
160
394
41
389
228
475
220
193
21
108
422
319
191
190
101
166
522
392
411
462
310
65
36
42
104
173
163
286
98
68
503
474
211
529
122
459
42
398
184
257
244
158
101
427
226
235
257
154
41
120
369
408
251
341
320
470
196
306
150
153
478
131
467
368
181
377
38
337
247
111
231
485
277
104
347
67
167
316
101
212
134
59
118
280
40
446
315
77
467
66
467
395
275
13
106
423
126
306
181
344
358
204
139
257
328
101
356
33
241
248
440
276
284
110
420
288
252
372
15
271
494
274
454
445
207
218
370
122
219
316
35
517
514
31
215
422
444
368
410
121
504
91
305
77
289
307
378
460
415
515
242
167
182
122
87
101
107
383
453
183
78
454
172
419
327
497
459
526
233
181
265
513
81
182
526
298
243
13
515
34
116
197
318
191
506
511
280
106
244
520
221
493
104
465
42
379
511
75
426
16
144
129
38
165
390
355
377
415
517
247
354
122
71
173
74
460
530
344
391
359
508
279
514
103
362
213
125
198
330
180
355
534
13
264
291
69
66
289
80
329
450
38
44
435
324
402
349
161
264
272
189
41
213
354
4
169
360
219
263
212
70
21
64
262
26
28
259
167
34
57
404
468
49
211
451
127
342
456
177
271
469
437
379
272
502
198
359
273
480
151
288
504
96
22
291
384
474
452
190
333
500
517
403
147
86
167
224
6
215
415
142
529
258
243
231
236
399
447
206
529
122
394
283
209
265
443
231
101
4
261
174
405
478
111
238
276
399
286
193
406
404
438
257
8
416
122
265
52
322
258
88
9
4
52
487
382
145
20
363
447
47
316
493
114
393
376
181
261
296
63
522
519
375
448
43
154
220
146
89
246
438
417
448
143
17
300
488
305
175
310
243
209
180
74
427
401
329
300
386
229
461
131
185
167
221
171
288
174
213
30
274
288
450
212
522
496
60
33
460
288
251
12
261
229
232
83
182
197
388
525
124
61
51
48
278
309
266
224
36
339
172
75
371
174
33
497
487
149
271
80
212
90
160
200
371
20
284
473
499
494
467
228
29
471
39
196
173
396
180
243
407
451
486
385
194
41
311
114
272
387
34
259
402
196
279
391
533
124
370
167
313
183
304
161
246
258
365
332
362
44
444
323
462
512
382
101
217
306
336
158
127
121
376
193
234
218
291
209
350
341
363
409
252
293
335
451
422
276
124
508
80
151
112
460
57
446
125
159
428
187
7
250
515
277
171
513
299
244
319
86
158
517
336
161
422
62
170
263
53
146
183
280
455
189
370
287
161
112
183
103
422
456
375
14
302
295
325
50
83
208
347
427
60
109
60
516
379
367
439
526
288
415
118
319
348
202
325
400
524
107
140
197
310
491
263
418
438
2
488
111
409
348
342
223
150
507
224
236
140
289
108
519
202
514
104
77
314
291
498
149
349
22
482
4
523
88
259
80
456
490
88
255
521
404
157
282
239
453
305
127
501
531
131
50
494
433
307
214
401
455
142
172
378
518
152
527
27
283
114
304
505
334
77
117
24
310
113
427
266
493
209
480
283
316
371
484
129
299
514
368
250
376
132
395
45
356
473
315
83
28
202
134
465
172
181
125
380
282
376
411
181
493
308
487
440
494
426
110
205
47
514
257
523
374
262
192
9
126
184
492
102
314
1
467
51
30
217
257
482
88
100
69
397
213
312
331
159
139
505
393
200
362
380
87
474
498
451
222
467
267
20
301
138
178
298
444
467
13
6
297
160
130
327
289
109
212
93
194
328
172
36
224
18
327
136
316
82
104
405
509
388
182
3
68
314
511
45
99
330
307
188
471
476
359
268
95
404
279
104
2
438
371
30
307
189
132
320
180
403
490
79
242
393
406
41
159
261
324
339
46
238
90
181
155
136
454
18
426
58
326
286
417
134
488
108
197
176
524
67
31
288
507
109
458
467
26
88
128
392
156
415
122
82
366
145
291
213
344
243
320
479
227
360
49
56
387
389
333
89
235
75
27
254
483
66
502
275
521
395
173
79
251
59
154
171
350
50
527
263
256
149
253
41
467
96
54
149
329
529
29
36
464
399
353
337
266
103
479
176
324
31
258
148
15
124
200
87
438
266
292
62
136
85
265
151
257
409
84
301
232
499
528
164
296
340
181
292
150
58
280
117
499
52
515
352
183
145
116
26
45
438
95
149
87
467
524
436
476
470
471
392
463
88
187
159
277
376
171
368
195
391
413
343
274
321
187
487
386
335
482
503
107
533
119
53
322
465
495
77
374
261
26
43
370
363
122
108
520
363
497
133
114
450
11
114
486
477
129
148
55
396
138
35
409
492
162
341
112
153
425
441
361
310
264
77
235
160
29
215
317
300
144
308
400
52
365
410
347
351
26
332
503
136
15
21
21
170
132
293
417
181
8
508
517
481
89
454
453
166
327
474
448
343
233
369
245
318
329
388
175
372
447
330
31
454
161
207
244
425
310
368
437
478
379
448
186
349
49
110
130
438
159
106
420
133
456
353
62
54
18
265
263
231
244
110
150
319
321
196
401
9
434
372
355
317
87
55
396
215
204
120
374
385
479
62
25
486
306
513
346
433
353
356
244
25
57
156
5
310
320
286
20
270
451
181
501
78
193
286
237
177
143
34
186
291
502
455
213
356
239
280
481
384
61
63
231
235
195
370
179
191
479
2
263
121
494
429
296
210
376
196
11
47
307
5
348
444
225
532
372
462
51
161
364
315
141
449
317
105
163
472
522
254
323
337
26
146
385
409
22
174
280
128
465
80
60
108
405
238
52
230
234
227
458
71
350
81
363
242
455
219
250
100
267
498
299
327
493
307
96
45
53
158
388
186
519
130
333
346
260
164
99
118
66
149
357
51
516
37
275
182
31
193
41
438
396
533
446
221
369
336
519
147
58
461
344
332
168
428
110
488
129
500
166
373
482
151
63
520
79
213
398
176
170
361
467
159
119
490
130
392
521
164
35
240
414
227
100
397
201
120
505
501
339
448
394
290
353
162
295
45
67
160
74
271
478
183
456
398
86
345
23
460
387
340
402
418
168
418
283
366
49
76
411
398
455
134
342
328
59
460
320
292
46
256
347
207
479
350
89
182
304
351
150
357
469
494
180
9
198
464
350
223
403
208
473
37
522
107
310
54
77
128
265
17
1
448
4
51
121
473
266
508
510
432
101
230
157
103
426
145
398
122
282
456
124
190
24
230
98
177
397
259
221
20
302
260
286
255
38
293
176
490
50
115
512
59
495
229
12
404
147
65
280
493
23
5
101
296
522
431
466
240
93
105
345
31
187
161
362
170
493
162
118
459
244
415
327
156
98
26
120
39
218
237
508
472
122
126
153
368
81
173
253
198
411
395
88
522
158
294
242
126
367
254
434
58
185
505
192
367
82
142
130
385
104
110
313
174
250
509
141
322
54
116
383
378
111
211
416
237
128
433
193
421
13
386
202
93
217
19
75
37
121
160
169
285
224
355
243
49
450
114
376
187
346
189
54
67
360
437
233
369
493
135
42
161
476
303
388
350
193
241
246
469
66
84
399
439
120
327
177
450
470
280
85
134
453
238
488
425
479
182
32
309
413
348
430
423
229
533
291
113
284
245
184
454
19
321
199
293
433
514
62
49
32
484
362
530
13
301
189
240
428
219
515
508
277
467
239
135
276
80
484
419
144
277
61
74
103
117
502
384
359
226
82
380
406
83
69
336
81
241
199
344
75
105
370
248
430
117
133
515
106
378
439
52
506
516
340
25
327
488
13
449
183
151
91
412
338
217
282
30
402
529
447
75
157
193
57
527
42
67
385
197
73
155
331
367
419
297
159
178
484
185
256
312
299
454
450
347
136
483
358
315
187
500
249
499
205
114
312
73
243
96
329
521
420
330
110
470
155
434
200
123
84
414
446
307
368
176
496
321
52
173
133
214
139
355
248
522
464
221
25
258
387
100
328
264
437
285
166
210
234
381
310
443
115
249
524
432
333
385
300
294
89
39
422
38
111
390
518
31
213
129
83
131
307
217
128
427
457
343
508
182
476
369
279
243
387
86
391
301
110
395
296
328
475
403
298
209
58
529
13
405
474
342
422
289
6
175
64
113
204
140
236
515
121
454
361
187
162
319
68
420
455
101
304
324
527
493
69
303
286
195
311
28
313
284
262
72
149
52
464
35
240
253
439
170
214
446
353
128
423
100
392
255
342
108
401
41
92
165
98
196
479
515
163
296
115
135
99
298
444
445
58
525
22
116
34
443
54
493
154
121
355
203
409
237
277
200
118
32
114
388
284
354
329
12
304
345
441
45
457
343
209
409
483
389
348
395
216
108
403
398
18
435
98
173
298
471
409
307
435
397
357
273
337
275
233
533
70
514
495
29
184
110
232
40
188
328
70
348
518
245
389
524
35
249
475
522
174
279
297
379
374
362
410
126
158
289
414
495
277
182
55
104
185
481
308
171
457
133
195
71
85
114
214
355
40
112
242
164
203
385
235
87
390
302
194
335
25
167
267
156
456
376
3
457
87
295
190
254
357
162
486
397
161
234
245
254
450
147
173
108
326
2
188
148
41
45
470
194
521
293
513
428
384
69
165
496
152
509
353
347
451
312
149
125
302
37
388
3
324
279
43
434
215
68
347
479
108
303
480
285
111
291
428
104
468
372
529
303
367
98
82
100
345
368
31
12
501
339
163
124
361
267
478
296
512
34
178
356
215
359
533
146
129
498
238
484
310
200
124
460
341
439
166
517
318
275
372
185
248
415
285
361
464
464
97
215
382
415
267
407
128
374
426
273
396
319
93
475
197
262
151
12
217
322
133
169
493
190
503
89
110
59
280
1
365
494
239
441
491
98
169
391
486
183
267
93
190
7
259
454
122
445
228
491
445
465
153
271
405
498
432
136
101
368
29
163
419
423
74
239
508
61
225
443
299
445
36
137
386
517
258
43
256
215
310
274
169
488
203
227
149
368
115
23
216
474
419
111
35
487
394
335
287
250
486
55
474
268
403
168
504
12
485
452
475
95
160
65
36
454
467
66
434
105
519
58
334
105
249
224
434
504
278
240
246
259
255
334
343
459
309
269
363
533
297
408
514
203
54
442
479
417
256
90
409
507
209
205
341
377
373
204
205
475
20
75
135
83
231
32
261
206
85
61
106
460
482
45
172
240
485
414
260
335
403
355
120
139
290
412
148
510
509
527
423
79
520
534
309
68
469
223
151
177
89
140
421
426
76
225
38
462
70
115
255
406
24
364
378
442
40
8
256
240
277
107
438
497
86
133
381
336
364
205
398
280
440
330
427
296
485
434
113
126
98
412
156
442
381
224
222
158
193
341
315
312
459
143
451
346
277
68
87
58
59
98
237
468
478
142
416
5
90
261
47
249
218
439
315
465
268
179
418
222
135
160
282
388
98
45
77
92
307
488
206
360
49
146
352
495
236
37
488
443
463
493
128
193
27
460
71
456
275
114
356
254
45
497
126
391
316
383
358
223
59
2
213
485
480
511
480
104
466
219
100
508
378
490
382
192
478
482
239
214
101
467
437
72
457
272
31
440
454
184
134
465
217
316
152
421
269
530
492
103
91
118
89
113
422
63
387
240
346
354
436
123
519
244
397
79
410
522
416
240
404
467
220
382
440
107
493
513
38
22
63
523
342
313
248
153
280
70
403
520
395
403
165
254
221
20
69
12
400
520
422
100
265
311
241
430
129
38
363
354
413
28
508
10
1
314
46
165
527
1
402
222
252
214
337
298
424
451
133
30
433
4
399
34
79
251
301
119
301
331
378
267
296
271
290
397
176
319
364
528
131
400
220
375
511
450
305
90
443
187
426
429
343
378
237
332
508
477
151
422
123
506
124
456
515
480
470
372
477
206
412
221
234
275
510
168
322
142
371
487
301
436
352
346
366
479
365
119
345
