1561
2284
2517
3407
1206
3083
2348
738
2546
962
583
2479
640
3005
3615
875
3223
26
1622
1962
3416
46
1559
1155
1762
1973
3250
2983
706
1911
2610
1869
1753
764
185
1879
1327
874
3695
2471
1553
782
2259
3458
1091
682
2132
3532
703
1663
2279
3386
465
1199
2289
1840
858
1281
730
150
3334
209
1054
1597
1171
2886
1164
2852
2165
1142
1624
1285
1271
1211
2160
5
2000
1143
1878
3632
1225
3348
3172
1220
2440
574
2632
980
2188
2870
3472
2655
2509
946
1496
2686
2077
1688
832
2611
331
1577
2398
1050
1378
775
3654
2556
2791
2174
1464
3084
3032
717
2369
3243
2370
2234
3640
176
2784
3655
3067
2092
3157
1584
2481
1575
3420
3273
3646
3427
987
1020
1855
2352
1781
2718
2062
2482
2127
2369
1943
3016
239
1259
2180
879
1942
459
3215
1152
3406
2864
3344
3341
374
2727
513
1395
2373
141
2770
2702
2648
2472
418
2440
865
189
1993
1880
562
1606
673
2038
3202
735
1426
1232
3497
1260
3475
1109
106
2612
3580
28
235
2404
2326
15
1525
2564
634
1022
3722
2428
1398
1269
3661
3455
344
1753
1898
411
293
3371
542
17
3202
1810
2005
3187
2149
3636
252
1106
113
947
997
3164
1454
3058
3243
289
2212
922
396
2202
1091
2838
489
99
2071
2268
549
491
1965
1805
414
3119
2419
3228
2064
3660
466
1606
2873
2719
3312
1749
313
892
351
2710
1505
2193
2654
16
2301
592
105
2749
3264
2517
3268
2112
2868
2582
1132
1554
3017
2514
1515
977
1084
3319
2021
65
3614
842
1608
3413
2596
1615
1046
844
875
308
1154
1224
1208
233
1033
2059
3389
2551
2715
296
800
687
2241
2933
2321
2373
612
1961
860
3376
2776
3638
98
3447
2747
2445
2639
778
2946
1359
2106
729
3220
303
3470
3129
3082
3023
2101
868
1867
1864
34
2902
271
1668
2793
3337
2127
1459
3424
2700
1865
2919
276
2184
274
1068
2787
173
3688
996
24
2262
794
169
375
298
3613
84
1474
1489
2014
1932
2964
2149
2658
1709
3706
2518
1516
2407
2764
259
241
3198
1131
3601
99
596
854
1009
1577
1017
2259
2027
702
1366
1296
1464
73
1215
2499
3311
3483
69
2122
1130
2073
1694
2918
1379
3078
2977
547
1979
2799
1560
1546
90
2174
2600
2853
2378
1098
3154
1880
1045
2504
895
1693
2548
2723
1306
1504
3431
3713
3673
2735
2637
492
874
1479
2414
234
1992
2267
1073
2998
1600
454
1091
345
1810
2652
820
2552
2270
309
207
2277
3478
2883
1878
652
3657
2998
2724
1209
1820
3502
299
2451
2119
2647
625
653
1884
1517
2090
3053
1114
2773
2283
1880
3079
901
1734
1017
1474
2994
2436
3664
2063
2802
1455
3611
2362
585
2890
2855
2846
1282
2840
375
1169
105
497
150
434
3650
936
289
787
2847
55
2368
1569
2049
3727
2443
425
138
1929
580
2545
296
2064
2378
326
3103
2612
686
1045
369
2809
1660
11
298
3581
1476
3400
1100
2115
80
3683
3583
153
3461
951
3383
2262
1650
1859
2538
2338
1865
2407
2610
185
3077
3194
1317
3094
2975
2168
868
3625
865
2211
151
2891
2070
3363
3471
343
3189
3303
1790
1470
2724
721
3406
1925
965
3457
3087
3370
2683
2590
1619
2168
2613
1279
1990
2879
3451
759
657
1038
1229
57
2678
2018
2174
96
44
3273
2477
2435
649
2397
859
1413
310
2411
295
473
1846
1795
806
3578
446
2559
422
2616
2856
1094
2566
1098
1660
668
2288
3106
1343
165
1340
1949
298
2433
2278
2724
2997
2732
2320
358
1712
576
1416
2431
1358
2930
719
2687
2163
1607
1064
2804
150
2772
2316
2665
1358
487
3617
3339
478
1192
2127
3009
2055
1292
501
1423
2992
1025
2261
72
1583
255
1520
2600
789
3050
1935
512
3172
143
3405
2937
3003
3364
1110
248
3397
2822
1633
2789
2893
230
1329
1153
49
1585
3671
2539
2770
2284
1154
2773
836
3193
2649
2068
813
663
3585
2794
3703
1662
747
2052
3028
455
436
2647
2020
1483
1119
1044
1677
3551
1890
967
669
2951
3636
2710
2200
2353
2991
708
1567
2826
2368
805
1865
1109
1843
2806
741
3094
3116
1201
3300
1552
1513
1034
1264
1569
2936
875
733
2457
1620
1747
3215
525
687
1887
2356
749
2368
1958
717
3513
3009
777
3502
3682
715
1471
3095
2
419
768
423
609
204
3032
2225
1143
307
783
3601
1077
3101
2676
695
3324
3038
2819
2337
141
1951
1721
1337
2720
518
3074
1749
1937
1597
1251
2342
3214
673
3001
915
2511
3124
1674
1374
1902
2577
2397
3653
190
807
3359
478
1272
2047
1055
621
1954
3640
3557
1515
2562
3532
357
2134
571
1637
1624
325
2829
1885
945
1054
1445
1470
3667
3308
197
3593
1192
834
3081
1896
1665
3125
1211
1227
377
3102
1382
778
3583
3578
3570
540
444
989
394
794
83
3613
3698
2980
3550
1624
2665
3086
1333
247
1633
61
2567
848
3172
1453
692
1744
3625
3547
3152
1760
593
243
3447
14
2470
1776
1194
1212
2741
3336
636
3085
1034
2353
2799
3312
428
1218
3714
3506
1513
2293
2063
2160
431
1435
3671
319
2537
3022
1495
2414
1247
1609
328
343
2605
1947
837
2083
1313
1710
1257
3652
2649
2559
3205
1255
3550
2551
338
3214
2910
3421
2866
332
2985
1579
1253
1064
3433
3255
2168
2791
1065
53
947
107
29
282
1185
1794
309
3654
2721
17
98
3260
1261
2832
904
95
1997
3124
3639
3525
3725
1273
3115
2352
2656
3342
1308
3016
2113
3532
2335
2822
1527
3169
1876
2372
128
2986
653
3013
1099
1521
919
3579
1461
1125
2923
1765
9
3196
2653
1245
3321
1354
3432
3373
971
437
1705
1051
2708
299
2197
785
2135
1430
2665
240
2899
342
1880
3123
1699
3464
699
1311
2667
916
3127
1603
1581
2025
687
3204
1020
170
2569
2623
3452
2322
1274
1046
1423
882
189
3639
3359
1907
1759
2860
1433
148
1757
3698
1568
711
776
253
1804
552
1948
3018
1334
567
2354
1866
3239
452
1941
1944
1568
3295
487
3703
1593
3372
867
422
116
2269
2405
1953
3056
1744
238
2952
1754
1941
3020
809
1292
1028
3504
1746
2273
2723
546
774
1283
1745
2292
878
1594
2189
1684
444
1426
2866
507
1180
1090
2269
196
607
915
3048
2064
973
108
2300
128
3599
1991
1341
3246
3547
671
3121
524
3483
759
2008
3472
614
1494
3698
3648
168
974
3728
1517
3521
3025
3511
3311
3163
805
154
2823
2743
2024
3572
2953
317
3580
1730
1542
20
2310
2714
592
1359
2058
2011
569
868
367
2430
1644
3605
510
1095
1375
3315
187
85
2637
2284
2162
346
2051
2266
3285
2016
1512
1207
3336
953
276
3261
1531
1528
2887
212
1680
1161
149
2894
695
3356
1262
1837
947
1790
165
568
951
3582
2568
3531
513
1913
3162
1379
3351
468
2829
3154
2569
782
2181
2040
2292
3511
1755
2391
3399
204
1254
1045
2132
3568
1283
2013
3461
1753
367
1629
1859
3537
2330
3447
690
3047
2759
1947
1859
591
2079
2844
580
1275
2197
1236
2628
3248
3581
1391
2385
3306
3057
3190
3001
3041
3670
3491
2472
1965
2097
1498
1039
881
1923
3417
1051
3610
36
3085
1924
3535
2191
11
1031
2359
1707
1837
869
1040
2905
3702
1958
3337
148
2715
666
2001
1837
2974
690
1914
3299
2487
2553
31
537
487
1381
2259
42
953
2024
2171
3184
3498
1537
3446
2613
1920
112
2745
2456
399
3492
644
3425
34
2970
555
993
3611
2455
2696
2928
3661
1120
3291
736
2883
611
135
2752
824
3276
447
1118
2072
1235
3514
1304
1892
1292
1559
2417
336
452
1747
1937
2721
3659
1344
2266
98
3581
3679
180
3510
2577
2445
3619
2577
3517
2991
1209
285
776
1794
167
2538
1650
438
971
4
1053
1087
1008
2249
2647
2427
2271
2495
2657
1247
1313
1955
2302
3516
1486
1175
1396
1629
2487
3057
329
2403
3672
2763
3233
2445
2600
1213
256
1321
3578
3242
2325
1377
3268
1816
1046
3331
431
2136
2247
3683
1992
2792
2683
247
2293
672
3248
928
3683
1641
2362
630
1456
1129
3507
98
291
2226
1214
3497
3028
212
1839
2051
1468
666
993
1951
2720
2006
1362
346
1835
1705
3442
2469
2570
3664
3047
3194
2669
1318
1081
2532
504
2144
436
2044
356
951
438
3725
2279
3337
1546
3384
2124
3719
1221
63
2693
3726
1943
2408
565
1137
2996
1770
2083
2648
2326
632
2312
3701
168
1421
2334
3543
1881
1707
3037
3131
2698
1996
3730
2676
894
421
1645
1849
2147
3663
1040
399
1938
2603
1045
158
92
1922
1662
1123
1303
2451
1528
2158
3030
1928
310
2668
1825
219
1283
2586
700
1272
2788
3375
1765
2443
494
1448
3551
1587
3523
3030
2448
2140
1609
1026
596
495
2565
207
3101
28
2430
2232
1874
3640
2579
3694
2890
3379
1580
1973
1334
3119
2551
2891
598
1390
293
2325
2644
2864
3254
636
124
659
1815
220
452
566
474
3241
3198
2854
3292
2388
560
3254
29
294
2796
921
1551
2842
2965
740
2797
915
1037
3575
59
2725
208
3631
749
1854
28
2778
1248
512
3384
3303
2193
356
3558
2337
1350
1199
413
2587
1
2544
586
2156
3528
3311
1011
855
466
2255
68
361
2927
145
2382
1973
494
3475
1014
1081
1670
2660
1815
3527
1688
3727
3409
3637
1056
708
3263
814
2981
1037
266
2630
1733
2849
122
96
1228
391
206
9
2728
565
626
1062
3557
2353
1726
1037
3153
1379
894
2975
2669
3138
1807
2897
3707
3654
2116
2808
2837
1825
642
374
1504
1269
1799
678
2487
680
772
2422
1815
2472
2875
2247
61
2601
1760
1159
1770
164
795
2614
891
1080
2817
3176
3348
742
2534
3320
319
1077
1268
1443
1029
1900
75
882
1364
928
2529
1549
1278
2208
3434
2306
1864
1832
1034
2688
2994
375
2938
283
2416
3556
2769
520
2367
930
1045
9
529
2494
1341
365
1069
1144
1792
1086
1193
739
3020
3348
15
3432
3483
3019
2089
1191
267
681
175
3450
2384
3430
1957
3428
3224
1104
2393
3353
3577
1518
1812
427
609
1929
2102
1387
898
2359
2469
1895
76
2
1316
944
560
3501
1861
926
3451
2717
1940
3128
1306
905
3406
2428
258
3722
1814
2009
1216
3484
2334
2145
2116
2971
450
3139
112
1960
2504
2960
294
2267
2712
1968
2958
1482
1362
234
351
2845
3392
535
3399
1484
1749
511
119
2288
2867
1892
2886
1157
2458
3384
1843
1040
3211
3524
1744
1992
2258
3191
1896
961
213
54
3591
2688
544
2710
2232
1246
3314
2654
1286
3238
568
1568
1338
2859
3064
2201
2896
3631
2310
2957
1563
3227
332
3058
2812
484
1333
3378
1779
3016
2589
2090
2294
2707
573
3138
594
3693
869
3378
696
933
148
915
35
1173
661
981
2338
1371
2854
2762
2346
1187
2803
1049
694
36
1129
315
1899
324
533
3154
2556
2443
1325
2052
3631
1920
1516
1226
1408
2610
1080
221
261
1139
1595
2727
42
3480
46
484
2446
81
2547
1049
1528
1921
85
1757
1564
2951
3516
1733
3060
3261
1062
239
3043
1937
2795
2917
2345
492
1428
1549
224
560
1304
766
2374
3682
875
2690
1232
2622
3064
1525
255
2721
175
2759
1484
138
2118
1778
42
2990
285
473
3141
41
1937
2692
1741
357
2018
2981
412
731
23
3410
940
2635
3569
3327
1560
2243
2914
3242
2708
1392
3713
2922
193
839
2343
3729
2675
2338
2592
3515
1745
1339
940
73
2564
826
1760
1242
3559
654
1661
642
2891
2481
2796
446
3091
3276
2928
1005
2885
2816
1813
854
2362
2705
1665
2267
3076
2318
2367
1171
1519
594
1016
798
468
2752
984
686
2807
393
1910
3653
2886
1809
3634
3259
1680
3369
847
2214
533
1385
2421
3544
2361
881
2457
612
3153
2866
2987
794
1575
3057
517
3150
3217
376
1286
1071
849
3304
2266
3643
259
1732
2678
1505
3575
2590
3181
1873
1933
1493
1913
297
3079
3570
564
2639
2291
2285
1480
1733
779
1412
1831
1413
1133
851
2159
2376
2029
926
3387
188
343
3208
1521
353
258
740
3227
3002
3671
819
1061
1485
3715
708
745
2486
215
2900
2754
1242
1437
1397
1946
863
2129
3721
2361
156
3280
1957
926
445
1331
485
1006
1511
1756
905
701
1939
2099
3528
2145
2196
2167
2243
2492
521
1896
1740
2610
1430
976
2182
1448
186
356
972
3660
303
2447
2764
2034
2929
860
3708
1427
3175
1927
3075
1222
1338
3671
117
132
2739
3698
186
1462
93
613
597
208
1814
1781
2515
3461
527
715
2450
401
1295
2030
795
2780
912
3273
1036
3660
2522
233
2322
419
533
933
1835
3149
1521
154
243
1102
2101
2593
3423
2199
2397
1645
1523
149
1590
830
871
831
719
573
2497
1463
29
2142
2016
1402
363
1428
926
2222
763
100
2627
345
3626
634
1312
2833
2486
3480
2236
3088
398
2261
2038
1658
29
822
3260
1755
408
3670
925
2332
1509
3057
3240
2278
2593
647
2732
693
180
1077
830
392
271
2328
959
2714
2056
41
1574
214
2400
285
2290
886
2603
938
1428
3452
248
1136
1224
1626
825
3665
2824
2453
2979
1179
1610
1886
1958
287
2187
2513
2087
3723
690
1536
591
977
3707
1090
48
1007
760
2449
1963
785
226
2248
382
1577
2453
2006
109
1075
3182
3263
1358
1527
1408
2075
3204
3436
2812
1638
1052
3673
3151
2760
150
1477
590
467
1530
762
3023
2597
66
2242
1345
834
17
1577
2076
2739
642
2721
54
3642
2371
3723
1868
2256
2455
2450
35
1191
788
1867
3676
677
3623
3370
641
1079
1794
2171
2162
1537
2750
323
2928
3150
1350
3025
2131
878
2766
3060
2180
1343
2840
952
335
784
128
2547
1770
636
2875
1518
3254
3088
1340
663
2285
1436
923
1205
2722
840
1107
2123
2612
2439
650
458
999
2859
2977
689
386
857
3508
1351
994
2526
3485
3201
1005
3556
3029
2012
2131
607
846
2930
1790
1947
953
3469
1494
1886
626
1531
2859
420
479
760
851
945
664
297
3257
3692
646
12
1377
1079
1423
871
2054
2387
3094
3575
3553
415
1434
1289
3474
3147
753
2584
2127
2154
2400
394
1842
1285
886
3525
1734
817
2318
799
2975
133
1684
1277
1425
2960
1827
2541
646
2444
2739
2924
3513
913
2419
3189
850
721
2109
3497
1869
2604
640
1080
2065
787
2466
2295
1038
639
871
2920
476
1758
1097
299
3624
2732
1075
3107
1556
3393
3218
555
941
1849
390
3218
3656
140
730
1852
617
534
2302
525
2148
1931
1142
2612
1446
3255
79
447
3474
1575
927
386
769
2798
3571
2608
2253
2418
2311
161
2459
1743
211
571
1940
1212
1290
2115
2198
966
666
3678
2148
838
2405
2504
3394
603
1414
1701
2557
2384
2883
486
2883
3214
1217
459
180
3052
3098
139
2133
851
2004
768
2586
1450
323
41
740
1236
3377
305
2144
475
3526
1402
1542
1809
2460
290
1539
1997
3621
2885
3662
2649
2116
2810
746
2211
1693
2272
441
3253
3454
1213
2270
978
339
1975
832
1108
596
3376
3240
687
415
3334
3325
3066
2757
2084
3681
3112
1455
1914
2066
952
828
497
528
3336
2515
1332
1735
2924
458
2820
2028
384
2678
3380
3532
2284
2658
3056
2886
117
3542
2753
1930
2179
3421
1367
868
2864
2977
383
3234
2062
2960
30
889
3218
337
3148
3226
368
93
2579
252
2876
3709
2406
1660
3290
463
379
2370
1412
925
3441
1459
1999
2025
3672
3460
2506
306
2423
837
231
2595
1475
38
1178
1944
3577
1136
2379
2283
1132
3491
1001
1623
1898
2999
2930
1364
2275
3402
788
3073
3410
488
911
3521
2465
1748
1230
2226
1854
1930
2628
2578
2391
600
910
3049
420
2128
188
2493
2962
1473
2226
2343
1160
575
1179
674
1160
495
1107
2846
3020
1198
2822
1823
1965
1135
1483
3044
1276
696
2321
3432
3298
764
3187
230
2473
59
3050
3403
2624
2656
24
3044
868
544
1523
2459
440
2569
1183
1773
2369
1113
1763
247
2888
1375
670
991
1940
2636
2220
223
1240
3561
3612
309
1899
1399
1139
1278
2199
2122
3400
2022
257
1564
1926
1264
1043
3424
741
717
1168
1369
829
3484
2463
79
1857
1476
1011
1228
3173
529
2668
1345
342
366
280
2357
990
3081
2809
1108
1983
848
1732
494
5
3541
2439
3235
718
932
702
3442
2639
3632
1593
1
2157
1419
3072
3280
3025
2968
1711
3552
1153
575
631
3113
1217
1483
2955
412
40
1912
1131
1893
825
1454
1889
623
3078
297
3023
3728
1163
2567
24
426
777
3228
2726
1901
3071
3388
66
1283
2941
2625
2372
589
2431
129
1500
2731
1264
529
861
549
409
3147
2611
523
2937
1695
1995
3374
1347
2560
461
3027
1772
3384
1788
3553
2584
683
1291
1466
2135
1659
37
862
1183
212
2211
1873
1493
1431
2813
387
3576
2134
174
1126
3043
3123
869
1268
3633
669
2595
3568
3377
870
435
2226
1066
2215
3684
1944
3326
1037
1638
2285
3499
2187
2711
668
618
3507
2001
1650
83
3074
1373
2326
2469
3078
1014
1079
1063
2213
2021
221
3478
2376
2719
64
3445
3281
724
1943
1420
1009
3049
2235
144
670
3279
3610
2898
2933
187
2374
3277
2711
3389
209
447
3297
3509
1759
357
1311
1506
1507
1019
3149
855
2245
1861
3487
1534
1473
3265
3206
469
3273
1019
1541
541
3262
916
3592
437
2034
1862
2569
1943
1563
2819
1265
1655
3112
3313
1451
1267
971
1464
1313
978
858
2395
611
96
1960
2874
2087
2404
2629
1784
585
1283
816
1172
3619
2830
3136
3400
2166
1972
1701
3329
1841
2944
2482
263
1334
2110
3061
3628
3029
2524
3381
2859
1864
3447
568
689
613
179
1464
1775
1410
3596
808
2758
3666
3217
65
248
1208
2867
2635
1608
1773
12
3431
3313
1788
2796
1151
655
286
1824
3706
3145
1056
2807
2792
2628
1243
2833
1498
983
384
2276
766
1698
463
581
777
2475
2690
2006
764
3681
3249
1966
2318
1928
2479
80
2044
2992
737
2413
1412
2365
50
1897
3409
3643
469
2681
1750
2472
2733
638
328
2658
1746
946
2961
400
3569
1273
1035
1072
575
2895
2403
3548
3485
1817
966
1151
3110
2219
1456
71
1380
160
2093
1129
839
2078
2246
2952
1088
2072
2127
59
635
120
1907
444
480
1898
3604
1542
2195
1280
598
844
2444
2568
3091
3030
2217
1809
2444
407
1381
3613
751
2058
34
3072
1619
1826
951
3411
2583
3009
42
1354
1154
3028
2601
3224
1408
876
1039
38
2876
2465
963
2800
1967
2098
88
3137
2695
1555
2638
1604
2732
1982
2333
2574
1023
377
568
2292
3341
1058
1873
3019
3226
971
505
2723
2225
3286
721
1911
3151
430
368
3596
1664
1585
3569
1652
3215
1840
705
2226
3658
1532
3660
2467
2722
550
3171
2973
1004
2592
3258
2722
2351
2289
3247
1962
813
2108
559
1658
2389
515
1356
1647
2864
2870
270
3565
1601
853
2618
3591
2393
1620
1051
3549
2713
1272
53
1215
2911
500
2778
956
538
778
857
369
2469
3120
176
2036
2950
103
1469
1364
260
697
3668
2917
3039
772
3646
2076
1109
3533
3270
2480
1861
2320
653
1018
379
203
2739
2703
2170
2153
3394
912
3721
3119
1850
879
3667
2394
2225
265
90
3288
8
3487
2431
1726
2643
1844
3549
2594
2806
1173
1851
3239
1271
3608
1129
194
3180
1800
1825
2323
953
2377
2216
214
3406
2757
3522
724
98
3584
3101
2364
171
63
3268
21
1112
3376
263
843
2398
83
635
2121
3122
2704
2205
1814
206
967
350
1293
1515
3643
1650
2609
1395
3351
2227
597
1358
3256
928
2115
3141
2689
1183
3429
2359
3083
1723
704
621
590
2567
3635
694
2931
3647
1301
1134
1442
1140
445
2901
2093
1786
1218
461
3175
1354
2264
542
478
855
3722
548
798
1869
101
3370
2516
2937
3087
2185
1100
150
3152
2712
1606
2768
3365
779
2276
1633
717
2629
2681
1815
2881
427
2413
2490
390
2559
2373
1859
347
816
525
503
2924
2176
1502
3669
1516
793
97
3219
1446
1227
1243
1472
2915
3117
448
381
2181
2183
2805
2266
1634
2252
3265
1977
1908
1883
1988
3029
1294
697
1813
2993
2112
1318
1624
2385
448
510
2571
3508
89
3187
404
1825
1331
3535
1703
748
2870
1218
2721
2205
2041
517
1959
2907
2329
3652
1481
1551
40
3035
1046
944
1969
853
1076
2549
1640
2173
1910
2476
263
3507
325
2906
1257
75
3083
891
2939
723
2293
2056
2869
2907
3280
3131
90
1807
519
3118
2010
1625
3544
1520
2956
8
721
3583
3574
2628
1536
298
1069
1929
1817
1940
85
1199
1649
2049
770
3180
2524
2210
3130
3129
1822
1275
2643
1407
907
2646
2371
1475
444
3503
3090
150
3584
3467
2354
1710
1387
1813
2044
245
3239
2590
1425
216
3569
3272
3721
3521
753
1872
1380
3372
2474
2237
2086
1946
3430
1662
3642
429
2680
3487
1759
2573
889
1121
2533
2593
1302
989
373
473
329
2170
2555
1546
774
1467
2565
1339
883
1503
378
489
1176
1243
2901
1212
912
1470
1154
2914
1201
2879
232
345
917
1422
3137
724
3325
2859
1711
2837
2493
1430
3390
747
2445
1137
837
448
642
589
3334
3591
2667
1506
2332
1201
1800
2949
3449
256
2801
2701
1660
2100
269
3716
1563
3352
2892
2557
2573
3531
2354
2417
136
2664
1224
1018
2211
2308
1931
2294
3560
1795
2869
2476
2691
2584
2522
2825
2420
2712
2156
1608
77
915
1331
1695
3271
3526
1777
477
1164
2520
1207
2939
3073
2400
2867
976
704
2650
2408
3296
1036
2067
2027
3456
2645
3455
3057
797
1117
3531
1399
880
627
1379
762
1772
305
762
276
2122
3297
1958
73
1350
812
151
1262
1257
601
619
1654
1393
1663
1432
1597
3563
1127
3546
3385
2685
1330
2115
1067
3322
1450
258
2668
877
1445
2822
3626
1841
3589
909
2081
1511
3183
3227
1247
661
3365
1659
2062
1112
3123
3263
2467
1321
1714
1979
1708
3667
2066
2091
110
3367
2093
2460
3303
2799
3493
3379
3601
1103
2088
1512
3150
559
2411
1805
2586
406
3481
974
2755
1384
1479
1850
3540
2411
1538
1195
1702
3696
1524
2165
1584
3228
2735
2461
1299
3504
675
1572
2120
2236
1736
2628
2305
406
1242
2866
3192
3167
2302
3457
2170
956
1732
2750
1947
532
3629
3121
2157
2948
1747
2685
3634
1124
3597
3398
2803
2826
2528
3427
484
2890
793
918
473
1377
387
3727
2216
3714
2107
778
3439
1451
2027
859
810
2033
2167
1928
2425
2708
2373
3676
2911
1575
1855
1903
2929
2363
1032
1951
2809
3591
584
2077
473
1590
1422
936
928
1480
1473
2437
2335
894
1780
3092
2661
2900
785
1326
1640
2378
2607
2619
1522
3338
692
1989
215
59
263
114
3366
3287
792
2493
2961
3032
3184
1531
151
3012
918
1
1221
3480
2311
1681
3132
1975
1664
2461
778
2849
1194
2004
1744
2928
2122
3334
1581
2538
2263
843
2338
722
2750
3382
742
3087
3216
1751
1053
2169
228
233
1746
49
2468
3565
1892
1502
1092
527
1793
3323
2013
3341
525
2818
286
427
2889
2468
3578
1432
657
2617
3659
1247
1121
2235
2214
3658
2001
2810
1760
3693
1543
90
1450
1501
2852
432
3268
2831
647
3339
782
998
2430
1810
3073
2391
3307
3085
2978
648
251
157
1680
1384
2528
2163
2640
2201
382
3524
1931
2282
1659
2545
1247
2267
2024
1434
2331
2387
2344
2934
3334
246
116
409
3503
1765
3670
1156
462
1331
755
1144
2402
1542
1186
3454
2673
856
2893
19
2737
781
1541
1250
1637
3605
2754
2117
3212
1423
3080
1971
446
2957
1736
2263
2251
2895
234
396
1989
3568
22
115
1866
3291
3204
3449
138
813
607
3223
856
2845
3130
2800
3156
2833
2721
2692
460
3498
383
298
2489
606
1637
3242
760
2381
2472
916
1184
1416
2871
1187
2679
2645
1209
2794
2522
58
2596
1558
812
30
3131
3566
1795
314
1321
479
148
3446
2787
3647
2402
474
781
3000
1265
1309
1741
123
3281
2065
3269
44
1475
691
1353
2349
758
2912
3436
2990
934
3616
2738
1489
2018
453
2010
2239
808
569
2714
3533
1585
363
2871
1572
2914
2229
2174
451
2691
3648
3600
1492
874
2542
3698
243
1446
1744
3655
444
1946
1617
3434
428
3700
184
990
1786
114
822
1876
2659
549
3255
3295
633
1082
2786
2011
2311
2847
628
2537
858
1084
897
574
2651
519
3068
3729
2876
3339
829
2460
1800
771
2
3515
1104
1979
2274
3457
683
1486
3288
1020
3393
945
749
3250
415
3210
694
1687
781
621
1883
2969
2944
2171
187
3188
2859
1848
1693
1645
1682
3500
2441
3480
2968
3678
2336
14
1041
844
2971
808
2755
981
2746
1463
1426
1718
3095
764
674
1886
1479
1826
727
364
1484
1370
1122
2593
2222
1240
2854
3200
1386
1457
3119
1998
1443
1311
1675
3594
2797
3652
811
3110
2063
1032
2304
1605
1959
2863
1891
1029
765
524
1647
2401
620
601
78
1356
1136
1180
2527
2255
1884
2867
3010
2374
2259
713
3551
3536
3679
63
1804
2571
1742
1788
1521
898
3383
2569
2703
335
1249
817
310
547
753
1751
745
2638
1559
1986
3232
3238
2778
3581
1091
3351
2514
1217
2049
3631
2159
18
2911
1776
2408
155
3627
1538
49
1303
919
3369
2258
3591
1546
3239
1128
1277
303
1062
1124
96
177
3403
1305
195
1032
717
3167
2272
1079
1715
120
3557
25
1769
989
961
3693
2993
2019
2381
2998
3301
2137
3257
2179
2348
2045
3326
1079
2013
3702
2879
3491
3726
3186
803
2815
430
472
1505
1482
958
3183
2860
1368
486
2708
3721
2298
3607
2478
382
3001
3519
145
3536
3454
1402
2667
136
35
2280
1131
149
2916
1806
3088
3042
2568
80
761
2541
3023
3686
3158
2468
2247
521
2461
2310
662
3181
1495
1167
2497
3612
1394
8
454
1160
51
1630
1677
182
70
1797
2414
1006
991
2315
1104
3443
580
3403
2113
148
1595
840
1184
3265
1693
2668
2490
1934
596
1178
3311
2903
2265
3362
2510
719
2587
745
1338
856
527
55
1666
3188
1325
3392
850
2858
2411
1889
502
1960
3520
1523
1755
2878
1864
2612
2250
916
1618
2624
2801
3002
1651
845
3448
2742
3313
3141
1176
25
2403
2701
3007
2241
486
2198
324
383
1601
2540
3151
2796
2579
973
3131
663
2811
3058
1422
1761
3395
784
468
2451
2157
904
767
1823
2553
61
3434
1200
1259
1572
1417
162
3446
3704
3281
759
2627
2333
2587
2131
2397
1411
270
2743
3267
1547
967
2347
2343
3611
2255
1254
340
1342
994
363
3687
407
3390
1001
2790
1103
1400
3380
2846
3727
3400
3209
1383
2242
2084
1688
2848
491
2606
3604
2332
2561
1347
1866
347
2842
2880
226
728
587
514
714
92
1977
3598
617
2719
192
1319
2254
2530
1084
1707
3105
1976
982
3692
2820
3238
630
2002
3544
761
1882
1994
1290
712
1036
2865
1951
2591
2754
2609
2367
2284
1078
421
1739
1064
3692
3608
3225
1940
3109
2343
1294
3172
795
2088
1696
2926
929
852
3467
2758
2668
1831
3366
576
3008
3390
1913
750
3588
3534
1895
64
2436
1088
1672
961
2819
438
1286
2176
3031
924
3351
3416
951
1062
219
2200
931
2446
38
711
1385
3559
2110
2862
3530
2312
2454
3567
2989
1039
3613
2686
742
691
2107
2186
1508
3239
2061
1431
715
713
599
2746
1206
1575
1855
188
345
1402
1929
1245
3285
1588
1948
1578
637
2885
1853
1795
1328
2971
1404
3236
2023
1606
3526
1715
1284
2249
344
2409
1421
429
1785
928
3726
1789
88
3630
1830
3622
3436
1377
3432
931
2139
1267
544
2216
2332
402
2575
2627
1846
2587
2828
3545
1349
294
3120
1785
3451
33
2436
1743
1326
2368
2729
1531
3613
1837
294
405
2967
237
1652
1483
3728
1066
3562
2100
1267
2914
1675
26
2939
2031
897
3367
1239
3061
403
2422
3466
2973
482
2807
987
1733
772
835
1957
1382
2769
2863
2055
1001
1529
2608
2457
1160
3671
1922
1348
132
479
1558
1129
2541
723
3447
600
1431
2165
2229
981
2451
3309
2730
1310
2784
2177
3459
2
1085
2366
2218
1517
2009
1411
2165
663
3592
1441
125
1666
872
483
1469
2800
2697
1579
1524
2704
752
1389
3520
1216
2125
152
1886
949
301
1762
3480
1612
1948
2357
136
165
760
2154
874
2255
990
792
51
2049
1385
3575
2975
2500
760
3256
2078
454
630
247
1897
2595
1
3720
732
2783
1727
2237
3278
2072
3272
2258
2029
2132
3390
3634
2460
528
3574
2569
1212
875
883
2188
668
1623
1463
1882
1915
2497
3467
2742
3223
1445
679
3260
3623
2791
3244
564
1972
308
1424
368
641
406
453
1617
3225
3610
2438
1763
957
1518
1862
3116
624
3217
1491
3513
2217
1385
547
83
94
1841
3524
2824
2755
75
3089
2926
2621
1211
207
2662
3328
2855
248
135
1351
2703
1432
33
1660
2892
338
841
1219
1315
1101
2378
3276
2418
1519
284
2503
3429
2328
1994
1244
362
3214
3232
2036
2699
3346
2423
447
2792
2513
1668
2545
3137
1441
2047
2456
419
3620
1894
1182
3156
2447
2290
1736
2399
2952
345
2869
694
1395
2211
2217
1415
324
3210
2144
498
820
841
828
3094
3591
3513
2610
3191
842
2085
1269
3199
714
1605
3551
1538
2310
881
424
954
2306
223
1893
1333
865
3366
3388
2095
390
2587
1103
800
14
1820
2767
498
675
1204
2695
416
3692
669
3200
203
2837
3405
560
1384
1381
3503
1866
1042
318
2977
2388
2726
3684
2971
2513
757
1490
2497
1998
108
1833
490
2684
1994
2889
3450
1837
884
1834
3217
3677
1984
1641
886
3254
1711
1114
467
2104
1905
293
253
2074
1695
3276
3397
156
818
1021
162
36
2173
2314
2846
1905
705
2126
1982
1853
273
2638
2626
203
9
2583
185
2921
1294
2967
3036
2698
501
1714
1999
941
1107
1949
1378
3383
3425
2118
91
2974
1736
2190
2164
3729
1564
3247
1176
3189
388
2751
1938
1216
280
1682
2952
1034
2735
2293
2815
2603
1667
1595
3690
3069
1766
853
1975
3299
1449
3021
160
64
2268
3336
1463
849
2974
1890
3280
626
2210
3685
1751
1033
3457
3213
226
2137
2423
360
391
1357
3118
2974
1161
2585
2784
420
1991
213
1154
3129
739
768
383
3644
1616
591
3492
1415
942
2082
3188
1626
697
313
2828
3483
1672
1152
2538
2031
378
3287
2410
1959
2656
2935
3353
2967
500
3676
2939
1543
3179
270
1049
2760
692
2912
2298
3634
807
1934
3006
1290
1389
983
666
3025
790
2039
1520
3154
2635
1397
351
2167
132
3364
2118
406
2783
3207
2143
2540
2182
1526
3224
2418
3040
1102
702
104
2922
1525
426
1266
2919
2140
2853
2897
1959
2779
335
1345
1210
1590
2639
1330
3589
2989
712
1351
713
93
2955
1650
3722
2941
533
1549
2969
3133
2981
3406
3069
3389
1550
2407
1890
856
1056
394
3124
3437
3187
3014
2545
653
3153
3707
3053
543
707
2214
1467
3155
2774
2787
3327
406
1864
259
1061
814
2811
847
2755
2966
143
2801
2667
766
802
875
603
2637
318
2137
3029
2736
285
3527
1687
866
28
1842
3720
1698
626
932
2075
515
148
1990
2965
2930
1499
3086
2434
1507
2142
1274
2566
107
1267
2773
117
3434
2197
2888
2752
1199
1947
1969
3710
746
1628
884
71
740
2695
2776
1930
3015
464
772
1448
110
1457
731
2715
1363
1248
1765
2088
35
2193
1643
1309
684
1758
196
3194
520
36
1570
2732
358
2533
1959
1728
133
2959
659
2423
2425
299
1680
1494
1142
1406
2732
957
3528
3418
1812
625
202
2299
400
541
1953
560
351
3136
499
1736
1658
393
2545
361
2530
1379
1553
1436
1488
2165
1572
774
2339
2771
1694
1954
2874
104
522
3364
1148
3178
1779
2407
1799
801
951
3090
3512
458
981
1072
1839
1627
3638
593
2580
569
1237
702
2541
1922
2145
534
638
3208
1940
173
2064
2594
66
2232
3166
1316
2146
2895
3690
3422
1311
646
1269
3545
3238
1855
235
349
279
2560
3197
1334
1203
759
60
2545
1793
1177
343
842
2334
2005
255
1031
3104
3059
3448
2214
3096
1539
2139
438
3263
1124
3405
3172
1195
469
2119
336
3083
1652
1833
670
687
2225
2701
251
2781
3536
3526
1130
3362
1440
3697
3534
1207
785
2102
485
1906
3024
1399
541
3254
398
915
1848
2834
3136
686
1803
2427
1017
790
3037
77
1106
2756
1632
400
1046
2412
2418
2764
2115
1908
3132
325
1068
2489
1035
501
809
1277
597
2598
2711
2910
3130
509
3583
360
3444
3308
209
2328
1962
2864
792
566
1562
1620
3530
589
573
644
1612
756
2486
771
2683
3659
3662
207
2714
3539
1349
2001
2939
1603
1696
2270
2388
2037
3390
2702
500
2661
2702
489
3022
2008
3291
1236
1276
2171
1340
1233
2166
2992
2496
883
167
1937
1559
3012
1148
3493
266
3434
2178
2006
439
3017
2972
358
3186
2042
2059
2601
1437
2033
1813
3099
582
2101
2838
3067
2661
725
1790
3076
3087
1665
253
2203
963
1575
3574
337
1705
1797
65
1243
1580
41
2666
506
516
2626
215
3397
2997
102
1711
2362
2138
3617
2020
2721
2522
814
889
2141
3001
3198
1970
1542
1667
1557
568
1288
2259
3715
625
268
3249
577
3574
914
3491
3011
298
830
627
414
3577
3396
921
774
2
1592
1809
1114
653
1367
1008
2768
1580
1374
1158
2652
1703
3705
1247
3029
3023
3227
1995
1746
3385
916
3599
1600
2041
551
568
3315
1868
229
2763
1200
2600
9
3389
2582
2425
795
1723
487
2220
3116
3143
231
2384
2409
1638
170
3307
1581
2433
2998
2799
595
2583
2659
1867
1773
1309
2259
2170
989
558
1771
2724
2074
1387
1716
2794
390
2499
1076
1265
3526
2791
454
3580
1497
190
1252
2216
1320
1600
2537
3356
1686
2580
2386
1970
3469
1794
3639
2195
2975
489
2463
2137
836
16
3640
2996
801
226
3446
3386
919
2923
2610
2216
2503
1329
653
2340
1825
3630
2420
3278
1313
810
1640
2492
2782
2852
2581
2047
3102
1735
1126
3551
1250
2246
1010
1827
882
1087
335
1438
2679
247
458
1613
204
381
1807
3504
1809
3663
2467
190
315
2587
88
434
218
2837
3230
3560
2105
1985
968
1740
927
1533
1877
222
2929
2142
3051
749
9
758
1330
1440
858
3724
3115
613
1306
3503
535
730
1204
443
3139
854
1922
1063
2976
1300
3428
3006
1201
1469
3318
3121
1595
1480
2882
650
3258
3515
3470
3064
1039
612
2964
156
1736
329
2017
1982
2024
3509
1146
2355
3255
2696
1282
3201
540
672
2576
174
2160
373
3571
1880
1792
754
3017
1316
824
2494
2255
420
1387
317
565
1232
1574
3070
382
274
1525
3693
3446
2621
2456
2553
2540
2179
500
1689
539
2004
3561
3622
1355
1306
3504
902
1021
3549
1255
1359
2656
255
1754
892
3293
2790
862
425
662
3631
3200
283
1504
3163
1545
934
91
1396
1112
960
1409
1889
1203
3460
707
99
3674
612
3140
2414
2585
2386
1855
1575
2273
1126
1869
3088
3198
742
2761
2461
315
2
948
2242
2418
1419
3232
1844
3637
1175
269
2156
762
2875
2822
2841
1135
649
1756
142
1985
3568
2949
261
1269
702
726
608
913
860
1878
1216
1398
482
3529
2609
3681
1550
971
3481
1779
2622
3067
1843
3297
729
2247
3412
3
3014
880
3491
2175
3204
1527
1335
827
478
1303
2977
2429
1399
2516
218
3171
3641
2857
1384
3264
708
3163
3401
1340
2375
229
3115
278
944
2334
1544
3699
1326
2107
1889
3012
3407
543
3040
2934
813
3697
1935
547
951
1576
717
441
42
1214
3547
559
3402
3149
834
1190
2649
1036
2805
887
762
1139
2813
3422
266
3681
3709
3550
3035
2878
234
976
329
1395
2183
1188
2070
478
310
321
3700
1365
1743
3535
2706
2875
772
3338
152
3707
177
441
3176
2153
1538
1284
2599
1659
3484
1219
3153
2783
3686
281
2800
232
609
3670
1417
3539
1897
2987
1271
1608
3461
899
2168
522
2204
3280
867
1406
1406
1322
2623
668
3563
186
2676
3222
2983
3446
1812
3488
3314
1245
3011
1915
1352
2777
2156
2264
1180
10
310
1534
2238
2776
2845
1976
723
2247
1830
2859
2766
159
793
2007
3699
1437
3323
702
1256
1383
1521
675
1413
2721
202
2223
3729
669
3008
3193
1394
5
130
1936
633
236
2602
2899
990
3505
1020
2499
1201
3087
2772
992
3454
2999
1534
1430
3290
2996
259
2421
2705
3000
781
389
2977
3500
1852
2327
484
1870
1878
3186
3118
1193
806
1955
1648
1161
159
883
1729
1723
106
377
103
3720
2004
3669
2986
3624
1738
2392
1019
1922
123
1031
210
1884
2722
3673
1006
1116
3417
1831
3625
723
1955
453
716
2960
1316
1286
1007
2064
1316
2679
29
1589
1916
1512
2101
2018
343
3339
2125
986
1644
1364
1812
743
3633
1684
802
2838
3588
244
259
437
853
554
2095
1410
598
2212
3211
1253
650
2952
3472
3338
1401
2773
828
2149
599
3235
1257
785
1036
1024
2082
2926
1747
1836
2314
1156
2866
2393
1584
419
3276
590
2451
3411
3017
315
2341
510
2280
407
745
1345
1613
625
455
3710
2621
300
3029
2058
326
2014
1018
896
451
1533
1886
2071
1113
3459
1527
1527
967
2119
2301
1490
10
1121
2806
843
355
235
770
1092
1599
1040
418
2419
2409
1102
1112
3068
489
1257
1531
2745
3235
1303
3238
2323
2479
2079
2296
2818
2315
2717
2658
1101
2188
1983
2923
3059
1898
2898
2389
580
400
2613
1643
1979
136
2028
1450
561
569
2221
1017
797
2459
1792
1709
1913
357
2336
3228
1805
2497
3432
1306
61
2100
1646
2143
3428
496
2635
2576
2595
1585
1501
2036
825
1750
3524
180
693
1732
975
2105
2249
3697
1848
683
1067
588
1989
2739
2024
3317
1111
147
1703
2214
1062
1347
1770
1620
2715
2089
3028
2497
2635
1661
2367
1043
3657
212
379
2317
2944
3384
561
3235
2886
1101
2285
2707
2778
2315
1761
3522
3465
1595
1333
1108
3221
2237
3648
1566
1930
1687
867
203
3726
2678
3589
2052
3214
395
2650
3023
1961
765
2839
1203
1318
2593
2545
1862
3380
3228
2877
1040
3389
2910
3347
1020
269
1360
449
3504
2115
1168
491
428
1609
2105
2762
1370
2487
1141
283
3249
563
45
2565
2396
3052
2761
2278
374
1692
3646
2652
2980
3128
1349
2938
3428
3413
3414
1443
2355
1989
474
1142
2427
1782
477
3515
271
2219
1579
1788
441
1833
2082
2703
2195
1897
2125
3467
1258
630
3208
616
2820
2198
1418
516
3222
2297
1974
1010
7
1378
3219
3577
115
3681
3265
2686
1952
1825
983
2516
2887
2590
794
3471
3555
28
1214
2738
2261
2238
1944
506
3288
124
1825
2303
2250
678
213
831
3296
2234
1594
1052
3296
2810
634
3724
1920
3454
1261
2696
2825
1342
407
516
1359
2134
3062
1496
101
2348
2936
3403
808
1112
1449
2260
970
996
916
3417
3062
919
2163
1410
2820
681
1027
702
272
820
2436
1629
531
1886
2168
2612
355
3150
587
37
1734
3099
508
2133
803
2535
1741
785
1898
1347
2142
1863
2430
707
3061
3008
3698
2476
2551
3078
337
3359
1209
2334
3353
1990
1229
296
1713
1030
625
1852
2772
863
2494
1465
693
1959
525
3330
3721
1293
1850
442
213
627
2577
1271
2813
3382
1774
420
3358
2110
651
242
2001
1917
1070
3193
982
3653
2081
1997
2757
3522
602
758
3198
1913
2090
3127
1568
1892
2484
429
1882
1609
3228
2792
1508
679
27
1476
3015
1192
570
3583
1798
3056
650
1674
2737
1722
1767
3141
2938
1543
769
3108
361
3029
2830
3594
70
1052
1971
425
1423
1462
106
3614
819
1044
2319
571
1038
1828
1481
999
1719
2581
3341
694
3233
1549
2999
3105
3389
2499
1615
3425
3067
2616
593
389
183
3555
2536
3385
3718
1551
2548
1108
2416
25
3382
1771
1864
1620
1277
1085
1142
651
1709
3048
2702
2781
58
3018
2432
1195
251
1488
2916
1831
3088
3074
2736
1202
60
311
1197
3231
1422
1612
520
260
133
3434
1973
1289
2068
2849
394
3196
2650
1823
1531
3183
635
1848
2470
2360
74
3224
2395
141
3432
2000
3372
1916
951
1781
2616
2373
1272
2136
3437
240
2394
2074
184
3091
1952
867
1464
3518
2201
2065
2337
29
58
3269
558
3548
1049
1985
937
1363
2139
1318
2094
3701
1142
2233
2251
1392
664
3660
2443
1434
2981
1972
3619
2954
1129
812
859
1014
137
1987
1266
2037
911
342
3177
239
1843
1096
3332
2339
849
477
3177
2674
3326
1982
965
2081
1514
3701
114
630
325
2152
1959
428
1596
1578
3337
1801
960
2776
1895
115
170
1541
2955
1578
1947
163
2667
2837
1835
1498
2876
3177
1427
2812
265
3263
1942
3370
1659
1376
2060
3349
2723
118
2415
64
1736
2347
1163
2403
241
916
1484
2025
159
44
1521
3390
460
1127
3590
2430
1603
3173
448
700
1014
628
663
1004
3563
685
3326
2876
3207
782
2403
301
1144
2848
285
1539
2172
962
151
236
1868
193
186
2738
3485
2596
946
3209
2031
1828
1137
3000
748
1054
3241
788
3542
1715
1913
656
2862
1821
1188
2850
1170
3176
1265
708
961
3352
2898
1793
371
3590
3567
1129
2303
3402
1261
3643
1126
2296
1134
1092
3029
1871
1066
2002
786
3110
16
2363
249
1121
294
2774
2557
708
3419
2518
1731
99
1473
1614
1721
526
577
520
510
340
3438
1851
1154
2824
1999
1389
3627
2134
1377
2596
920
2521
162
1277
3142
2686
2039
3095
291
3478
2596
1038
898
1849
3289
1305
2986
3545
64
1413
194
1883
3471
337
699
464
3469
1778
3499
1521
3256
1447
1430
2843
2978
1799
2528
1487
1286
2534
2095
2213
1777
1715
3130
1311
2668
1059
1554
2394
915
1037
666
1040
179
418
1093
856
1159
3210
2724
2970
2593
1453
1906
168
643
308
2896
2329
2124
1287
535
203
2405
553
2740
1526
2977
1942
2528
3058
1347
2341
1611
2434
1113
1286
2825
1242
2462
733
1093
3173
626
850
88
1632
1281
435
2088
1882
3551
68
2896
1766
72
88
2513
92
372
663
1257
2591
520
2743
1703
1075
1726
3617
1850
1537
1355
680
1893
2218
571
1442
2120
2531
2454
2403
1834
1602
1443
2741
1774
1718
3315
1977
1201
2224
1045
235
403
1563
1518
548
3685
1206
995
1668
2092
3270
1072
549
953
583
1142
873
2217
2154
2268
2737
116
600
1397
2369
92
2456
370
403
1419
2909
2512
602
3257
1276
863
3685
842
2170
2860
1867
425
410
3048
2106
3586
592
952
1003
643
1746
1233
709
970
3707
2412
1820
2143
138
14
3018
3710
3293
2617
2017
3057
1911
2432
320
861
2699
3305
2997
3268
953
2051
2207
824
199
2237
1031
2310
2992
1453
2823
2080
1988
1837
1666
2563
1003
475
2499
3114
3208
11
2261
1940
1265
3303
678
133
435
738
517
3239
3467
3701
1533
1794
3263
2095
3710
619
3101
357
3225
2697
3563
2698
1387
900
318
2253
3168
2287
2480
496
275
2449
3677
1199
468
2270
1702
1364
2565
1967
3461
3008
859
1003
3532
3304
1804
3135
3378
2059
2911
1521
1881
909
415
96
261
813
1994
1655
314
2728
1602
2698
2137
1871
638
996
498
1068
2737
58
3323
2848
74
1772
1423
1091
642
1704
1693
3666
1845
3054
557
794
768
3022
674
194
3606
1195
2018
1861
3439
1793
2676
54
1838
1706
261
1741
3597
2268
1812
1788
1002
2373
1430
3389
2304
2480
1230
2246
2524
116
3330
91
540
2582
2094
35
2387
2783
222
800
2095
3673
2687
271
592
2523
2012
1912
3342
341
1406
1773
3288
2708
590
2941
2549
2379
1067
2108
1786
2955
2827
3617
677
2901
2456
2637
919
3618
1516
1451
1200
3636
412
2598
2065
1573
1647
1536
722
1252
3074
1097
116
1032
1768
2322
3393
1980
1875
1611
239
2925
817
800
3481
3696
3162
644
297
188
1990
1054
2909
3099
388
746
2252
3327
1315
184
3190
3171
2556
1387
372
3480
1089
3559
1748
54
1485
1855
407
158
1834
592
3188
1834
2179
2308
601
256
155
400
1038
3109
2523
1014
282
1898
1358
191
1394
1193
2129
2112
1851
2256
1552
2141
419
3646
1323
1850
2627
1683
3235
1687
2752
762
1540
1037
1203
2372
577
1459
843
1498
3249
1550
2885
854
2418
1773
1784
2093
3035
480
1003
3098
2880
2410
2939
264
1269
2372
2677
3399
2101
2833
2536
625
1498
2614
80
3000
3615
3015
2951
2988
3116
1417
2326
3113
1378
6
2821
1734
2779
1083
995
507
391
2680
2050
1191
2399
3477
3541
2230
1367
2910
594
772
2499
2395
2028
1135
2018
2968
1989
1123
2613
3116
152
3185
642
2349
1335
1454
1825
2618
3573
856
1368
3347
855
3609
481
746
2840
1265
1280
602
2146
950
3405
849
1214
228
3144
1807
2375
913
2483
1273
187
2960
574
2403
1547
1276
987
2686
180
1191
3322
665
2105
2252
202
3197
2058
3138
1796
1592
3373
1582
1493
1823
1759
664
1552
3386
2481
2100
2130
2090
210
2401
488
1855
1243
1006
283
1350
271
1153
2608
693
284
936
158
29
990
1419
2368
347
2943
1814
2202
1115
1602
1032
2460
448
49
1506
3622
31
3052
3258
3080
928
2715
3420
3007
2181
328
2674
3393
1593
2228
2573
1637
2207
940
2579
2145
2602
2950
2538
3413
2551
336
2663
1720
505
3322
649
3224
2067
2178
2132
3091
54
563
2064
254
1758
355
1170
1200
2593
513
1418
3374
3546
2996
145
3009
3061
1954
987
3516
3113
2854
1623
2441
695
831
299
3481
1854
2466
2872
1151
1085
1092
2004
2153
2106
2
205
3453
2265
1973
777
3390
3595
987
871
3320
2671
1313
2714
3351
1174
3209
3458
1289
134
1992
169
1926
1861
3547
2402
3241
1345
3098
2005
408
1877
2965
1562
677
3570
141
4
1412
1072
657
1532
1098
1308
1467
832
1748
2170
2850
905
612
3516
3222
2021
2577
118
62
3419
2138
3711
194
1475
2738
2045
2260
2211
629
195
2341
1558
2807
3631
338
3456
3639
2472
254
1075
1039
3326
1969
2125
1228
518
1346
2938
3074
2963
3452
1582
265
1475
2234
1140
556
1071
